0,2.07719,-0.699442,1.77727,-1.57,-1.11022e-16,1.57159,438.837
1,1.97719,-0.699522,1.77735,-1.57,-1.11022e-16,1.57159,255.323
2,1.87719,-0.699601,1.77743,-1.57,-1.11022e-16,1.57159,0
3,1.77719,-0.699681,1.77751,-1.57,-1.11022e-16,1.57159,0
4,1.67719,-0.69976,1.77759,-1.57,-1.11022e-16,1.57159,0
5,1.57719,-0.69984,1.77767,-1.57,-1.11022e-16,1.57159,0
6,1.47719,-0.69992,1.77775,-1.57,-1.11022e-16,1.57159,0
7,1.37719,-0.699999,1.77783,-1.57,-1.11022e-16,1.57159,0
8,1.27719,-0.700079,1.77791,-1.57,-1.11022e-16,1.57159,0
9,1.17719,-0.700159,1.77799,-1.57,-1.11022e-16,1.57159,0
10,1.07719,-0.700238,1.77807,-1.57,-1.11022e-16,1.57159,0
11,0.977186,-0.700318,1.77815,-1.57,-1.11022e-16,1.57159,0
12,0.877186,-0.700397,1.77823,-1.57,-1.11022e-16,1.57159,0
13,0.777186,-0.700477,1.77831,-1.57,-1.11022e-16,1.57159,0
14,2.07711,-0.699442,1.67727,-1.57,-1.11022e-16,1.57159,757.99
15,1.97711,-0.699522,1.67735,-1.57,-1.11022e-16,1.57159,335.112
16,1.87711,-0.699601,1.67743,-1.57,-1.11022e-16,1.57159,215.429
17,1.77711,-0.699681,1.67751,-1.57,-1.11022e-16,1.57159,199.471
18,1.67711,-0.69976,1.67759,-1.57,-1.11022e-16,1.57159,0
19,1.57711,-0.69984,1.67767,-1.57,-1.11022e-16,1.57159,0
20,1.47711,-0.69992,1.67775,-1.57,-1.11022e-16,1.57159,0
21,1.37711,-0.699999,1.67783,-1.57,-1.11022e-16,1.57159,0
22,1.27711,-0.700079,1.67791,-1.57,-1.11022e-16,1.57159,0
23,1.17711,-0.700159,1.67799,-1.57,-1.11022e-16,1.57159,0
24,1.07711,-0.700238,1.67807,-1.57,-1.11022e-16,1.57159,0
25,0.977106,-0.700318,1.67815,-1.57,-1.11022e-16,1.57159,0
26,0.877106,-0.700398,1.67823,-1.57,-1.11022e-16,1.57159,0
27,0.777106,-0.700477,1.67831,-1.57,-1.11022e-16,1.57159,0
28,2.07703,-0.699442,1.57727,-1.57,-1.11022e-16,1.57159,610.382
29,1.97703,-0.699522,1.57735,-1.57,-1.11022e-16,1.57159,538.572
30,1.87703,-0.699601,1.57743,-1.57,-1.11022e-16,1.57159,327.133
31,1.77703,-0.699681,1.57751,-1.57,-1.11022e-16,1.57159,259.312
32,1.67703,-0.699761,1.57759,-1.57,-1.11022e-16,1.57159,235.376
33,1.57703,-0.69984,1.57767,-1.57,-1.11022e-16,1.57159,47.8731
34,1.47703,-0.69992,1.57775,-1.57,-1.11022e-16,1.57159,0
35,1.37703,-0.699999,1.57783,-1.57,-1.11022e-16,1.57159,0
36,1.27703,-0.700079,1.57791,-1.57,-1.11022e-16,1.57159,0
37,1.17703,-0.700159,1.57799,-1.57,-1.11022e-16,1.57159,0
38,1.07703,-0.700238,1.57807,-1.57,-1.11022e-16,1.57159,0
39,0.977027,-0.700318,1.57815,-1.57,-1.11022e-16,1.57159,0
40,0.877027,-0.700398,1.57823,-1.57,-1.11022e-16,1.57159,0
41,0.777027,-0.700477,1.57831,-1.57,-1.11022e-16,1.57159,0
42,2.07695,-0.699442,1.47727,-1.57,-1.11022e-16,1.57159,825.811
43,1.97695,-0.699522,1.47735,-1.57,-1.11022e-16,1.57159,726.075
44,1.87695,-0.699601,1.47743,-1.57,-1.11022e-16,1.57159,422.879
45,1.77695,-0.699681,1.47751,-1.57,-1.11022e-16,1.57159,287.238
46,1.67695,-0.699761,1.47759,-1.57,-1.11022e-16,1.57159,215.429
47,1.57695,-0.69984,1.47767,-1.57,-1.11022e-16,1.57159,35.9048
48,1.47695,-0.69992,1.47775,-1.57,-1.11022e-16,1.57159,0
49,1.37695,-0.7,1.47783,-1.57,-1.11022e-16,1.57159,0
50,1.27695,-0.700079,1.47791,-1.57,-1.11022e-16,1.57159,0
51,1.17695,-0.700159,1.47799,-1.57,-1.11022e-16,1.57159,0
52,1.07695,-0.700238,1.47807,-1.57,-1.11022e-16,1.57159,0
53,0.976947,-0.700318,1.47815,-1.57,-1.11022e-16,1.57159,0
54,0.876947,-0.700398,1.47823,-1.57,-1.11022e-16,1.57159,0
55,0.776947,-0.700477,1.47831,-1.57,-1.11022e-16,1.57159,0
56,2.07687,-0.699442,1.37727,-1.57,-1.11022e-16,1.57159,1069.17
57,1.97687,-0.699522,1.37735,-1.57,-1.11022e-16,1.57159,857.726
58,1.87687,-0.699601,1.37743,-1.57,-1.11022e-16,1.57159,530.593
59,1.77687,-0.699681,1.37751,-1.57,-1.11022e-16,1.57159,378.995
60,1.67687,-0.699761,1.37759,-1.57,-1.11022e-16,1.57159,235.376
61,1.57687,-0.69984,1.37767,-1.57,-1.11022e-16,1.57159,67.8202
62,1.47687,-0.69992,1.37775,-1.57,-1.11022e-16,1.57159,0
63,1.37687,-0.7,1.37783,-1.57,-1.11022e-16,1.57159,0
64,1.27687,-0.700079,1.37791,-1.57,-1.11022e-16,1.57159,0
65,1.17687,-0.700159,1.37799,-1.57,-1.11022e-16,1.57159,0
66,1.07687,-0.700238,1.37807,-1.57,-1.11022e-16,1.57159,0
67,0.976867,-0.700318,1.37815,-1.57,-1.11022e-16,1.57159,0
68,0.876867,-0.700398,1.37823,-1.57,-1.11022e-16,1.57159,0
69,0.776868,-0.700477,1.37831,-1.57,-1.11022e-16,1.57159,0
70,2.07679,-0.699442,1.27727,-1.57,-1.11022e-16,1.57159,1260.66
71,1.97679,-0.699522,1.27735,-1.57,-1.11022e-16,1.57159,1017.3
72,1.87679,-0.699601,1.27743,-1.57,-1.11022e-16,1.57159,626.339
73,1.77679,-0.699681,1.27751,-1.57,-1.11022e-16,1.57159,458.784
74,1.67679,-0.699761,1.27759,-1.57,-1.11022e-16,1.57159,287.238
75,1.57679,-0.69984,1.27767,-1.57,-1.11022e-16,1.57159,83.7779
76,1.47679,-0.69992,1.27775,-1.57,-1.11022e-16,1.57159,0
77,1.37679,-0.7,1.27783,-1.57,-1.11022e-16,1.57159,0
78,1.27679,-0.700079,1.27791,-1.57,-1.11022e-16,1.57159,0
79,1.17679,-0.700159,1.27799,-1.57,-1.11022e-16,1.57159,0
80,1.07679,-0.700239,1.27807,-1.57,-1.11022e-16,1.57159,0
81,0.976788,-0.700318,1.27815,-1.57,-1.11022e-16,1.57159,0
82,0.876788,-0.700398,1.27823,-1.57,-1.11022e-16,1.57159,0
83,0.776788,-0.700477,1.27831,-1.57,-1.11022e-16,1.57159,0
84,2.07671,-0.699442,1.17727,-1.57,-1.11022e-16,1.57159,1468.11
85,1.97671,-0.699522,1.17735,-1.57,-1.11022e-16,1.57159,1220.76
86,1.87671,-0.699602,1.17743,-1.57,-1.11022e-16,1.57159,750.011
87,1.77671,-0.699681,1.17751,-1.57,-1.11022e-16,1.57159,546.551
88,1.67671,-0.699761,1.17759,-1.57,-1.11022e-16,1.57159,367.027
89,1.57671,-0.69984,1.17767,-1.57,-1.11022e-16,1.57159,91.7567
90,1.47671,-0.69992,1.17775,-1.57,-1.11022e-16,1.57159,0
91,1.37671,-0.7,1.17783,-1.57,-1.11022e-16,1.57159,0
92,1.27671,-0.700079,1.17791,-1.57,-1.11022e-16,1.57159,0
93,1.17671,-0.700159,1.17799,-1.57,-1.11022e-16,1.57159,0
94,1.07671,-0.700239,1.17807,-1.57,-1.11022e-16,1.57159,0
95,0.976708,-0.700318,1.17815,-1.57,-1.11022e-16,1.57159,0
96,0.876708,-0.700398,1.17823,-1.57,-1.11022e-16,1.57159,0
97,0.776708,-0.700478,1.17831,-1.57,-1.11022e-16,1.57159,0
98,2.07663,-0.699442,1.07727,-1.57,-1.11022e-16,1.57159,1663.59
99,1.97663,-0.699522,1.07735,-1.57,-1.11022e-16,1.57159,1376.35
100,1.87663,-0.699602,1.07743,-1.57,-1.11022e-16,1.57159,905.599
101,1.77663,-0.699681,1.07751,-1.57,-1.11022e-16,1.57159,694.16
102,1.67663,-0.699761,1.07759,-1.57,-1.11022e-16,1.57159,470.752
103,1.57663,-0.699841,1.07767,-1.57,-1.11022e-16,1.57159,131.651
104,1.47663,-0.69992,1.07775,-1.57,-1.11022e-16,1.57159,0
105,1.37663,-0.7,1.07783,-1.57,-1.11022e-16,1.57159,0
106,1.27663,-0.700079,1.07791,-1.57,-1.11022e-16,1.57159,0
107,1.17663,-0.700159,1.07799,-1.57,-1.11022e-16,1.57159,0
108,1.07663,-0.700239,1.07807,-1.57,-1.11022e-16,1.57159,0
109,0.976629,-0.700318,1.07815,-1.57,-1.11022e-16,1.57159,0
110,0.876629,-0.700398,1.07823,-1.57,-1.11022e-16,1.57159,0
111,0.776629,-0.700478,1.07831,-1.57,-1.11022e-16,1.57159,0
112,2.07655,-0.699442,0.977273,-1.57,-1.11022e-16,1.57159,1591.78
113,1.97655,-0.699522,0.977353,-1.57,-1.11022e-16,1.57159,1296.56
114,1.87655,-0.699602,0.977432,-1.57,-1.11022e-16,1.57159,833.789
115,1.77655,-0.699681,0.977512,-1.57,-1.11022e-16,1.57159,646.286
116,1.67655,-0.699761,0.977592,-1.57,-1.11022e-16,1.57159,430.858
117,1.57655,-0.699841,0.977671,-1.57,-1.11022e-16,1.57159,123.672
118,1.47655,-0.69992,0.977751,-1.57,-1.11022e-16,1.57159,0
119,1.37655,-0.7,0.977831,-1.57,-1.11022e-16,1.57159,0
120,1.27655,-0.700079,0.97791,-1.57,-1.11022e-16,1.57159,0
121,1.17655,-0.700159,0.97799,-1.57,-1.11022e-16,1.57159,0
122,1.07655,-0.700239,0.978069,-1.57,-1.11022e-16,1.57159,0
123,0.976549,-0.700318,0.978149,-1.57,-1.11022e-16,1.57159,0
124,0.876549,-0.700398,0.978229,-1.57,-1.11022e-16,1.57159,0
125,0.776549,-0.700478,0.978308,-1.57,-1.11022e-16,1.57159,0
126,2.07647,-0.699442,0.877273,-1.57,-1.11022e-16,1.57159,1615.72
127,1.97647,-0.699522,0.877353,-1.57,-1.11022e-16,1.57159,1312.52
128,1.87647,-0.699602,0.877432,-1.57,-1.11022e-16,1.57159,893.631
129,1.77647,-0.699681,0.877512,-1.57,-1.11022e-16,1.57159,690.17
130,1.67647,-0.699761,0.877592,-1.57,-1.11022e-16,1.57159,470.752
131,1.57647,-0.699841,0.877671,-1.57,-1.11022e-16,1.57159,147.609
132,1.47647,-0.69992,0.877751,-1.57,-1.11022e-16,1.57159,0
133,1.37647,-0.7,0.877831,-1.57,-1.11022e-16,1.57159,0
134,1.27647,-0.70008,0.87791,-1.57,-1.11022e-16,1.57159,0
135,1.17647,-0.700159,0.87799,-1.57,-1.11022e-16,1.57159,0
136,1.07647,-0.700239,0.878069,-1.57,-1.11022e-16,1.57159,0
137,0.976469,-0.700318,0.878149,-1.57,-1.11022e-16,1.57159,0
138,0.876469,-0.700398,0.878229,-1.57,-1.11022e-16,1.57159,0
139,0.776469,-0.700478,0.878308,-1.57,-1.11022e-16,1.57159,0
140,2.07639,-0.699443,0.777273,-1.57,-1.11022e-16,1.57159,1412.26
141,1.97639,-0.699522,0.777353,-1.57,-1.11022e-16,1.57159,1069.17
142,1.87639,-0.699602,0.777432,-1.57,-1.11022e-16,1.57159,730.064
143,1.77639,-0.699681,0.777512,-1.57,-1.11022e-16,1.57159,566.498
144,1.67639,-0.699761,0.777592,-1.57,-1.11022e-16,1.57159,382.985
145,1.57639,-0.699841,0.777671,-1.57,-1.11022e-16,1.57159,111.704
146,1.47639,-0.69992,0.777751,-1.57,-1.11022e-16,1.57159,0
147,1.37639,-0.7,0.777831,-1.57,-1.11022e-16,1.57159,0
