0,1.37607,9.18485e-18,1.07783,-1.57,-1.11022e-16,1.57159,7639.74
1,0.811965,0.325687,1.07783,-1.57,-1.66533e-16,-2.6172,7819.27
2,0.811965,-0.325687,1.07783,-1.57,-2.498e-16,-0.522802,7743.47
0,0.761896,0.41225,1.07775,-1.57,-1.66533e-16,-2.6172,8864.5
1,0.812004,0.325618,0.977831,-1.57,-1.66533e-16,-2.6172,8122.46
2,0.898527,0.375756,1.07783,-1.57,-1.66533e-16,-2.6172,7220.86
3,0.725402,0.275618,1.07783,-1.57,-1.66533e-16,-2.6172,8018.74
4,0.811925,0.325756,1.17783,-1.57,-1.66533e-16,-2.6172,6646.38
5,0.862034,0.239124,1.07791,-1.57,-1.66533e-16,-2.6172,6742.12
0,0.711827,0.498812,1.07767,-1.57,-1.66533e-16,-2.6172,9873.82
1,0.761936,0.412181,0.977751,-1.57,-1.66533e-16,-2.6172,9271.42
2,0.848458,0.462319,1.07775,-1.57,-1.66533e-16,-2.6172,8258.11
3,0.675333,0.362181,1.07775,-1.57,-1.66533e-16,-2.6172,9055.99
4,0.761856,0.412319,1.17775,-1.57,-1.66533e-16,-2.6172,7468.2
5,0.811965,0.325687,1.07783,-1.57,-1.66533e-16,-2.6172,7819.27
0,0.661758,0.585375,1.07759,-1.57,-1.66533e-16,-2.6172,10755.5
1,0.711867,0.498743,0.977671,-1.57,-1.66533e-16,-2.6172,10420.4
2,0.798389,0.548881,1.07767,-1.57,-1.66533e-16,-2.6172,9323.28
3,0.625264,0.448743,1.07767,-1.57,-1.66533e-16,-2.6172,9478.87
4,0.711787,0.498881,1.17767,-1.57,-1.66533e-16,-2.6172,8226.19
5,0.761896,0.41225,1.07775,-1.57,-1.66533e-16,-2.6172,8864.5
0,0.611689,0.671938,1.07751,-1.57,-1.66533e-16,-2.6172,10348.6
1,0.661798,0.585306,0.977592,-1.57,-1.66533e-16,-2.6172,11385.8
2,0.74832,0.635444,1.07759,-1.57,-1.66533e-16,-2.6172,9514.77
3,0.575195,0.535306,1.07759,-1.57,-1.66533e-16,-2.6172,9646.42
4,0.661718,0.585444,1.17759,-1.57,-1.66533e-16,-2.6172,8501.46
5,0.711827,0.498812,1.07767,-1.57,-1.66533e-16,-2.6172,9873.82
0,0.611729,0.671869,0.977512,-1.57,-1.66533e-16,-2.6172,11222.2
1,0.661838,0.585237,0.877592,-1.57,-1.66533e-16,-2.6172,10639.8
2,0.74836,0.635375,0.977592,-1.57,-1.66533e-16,-2.6172,10105.2
3,0.575235,0.535237,0.977592,-1.57,-1.66533e-16,-2.6172,10252.8
4,0.661758,0.585375,1.07759,-1.57,-1.66533e-16,-2.6172,10755.5
5,0.711867,0.498743,0.977671,-1.57,-1.66533e-16,-2.6172,10420.4

0,1.37607,9.18485e-18,1.07783,-1.57,-1.11022e-16,1.57159,2254.02
1,0.811965,0.325687,1.07783,-1.57,-1.66533e-16,-2.6172,1252.68
2,0.811965,-0.325687,1.07783,-1.57,-2.498e-16,-0.522802,2389.66
0,0.762034,-0.412329,1.07775,-1.57,-2.498e-16,-0.522802,2505.36
1,0.812004,-0.325618,0.977831,-1.57,-2.498e-16,-0.522802,1607.74
2,0.725322,-0.275756,1.07783,-1.57,-2.498e-16,-0.522802,2210.14
3,0.898607,-0.375618,1.07783,-1.57,-2.498e-16,-0.522802,3051.91
4,0.811925,-0.325756,1.17783,-1.57,-2.498e-16,-0.522802,2900.31
5,0.861896,-0.239045,1.07791,-1.57,-2.498e-16,-0.522802,2321.84
0,0.848676,-0.46226,1.07775,-1.57,-2.498e-16,-0.522802,3012.01
1,0.898647,-0.375549,0.977831,-1.57,-2.498e-16,-0.522802,2449.51
2,0.811965,-0.325687,1.07783,-1.57,-2.498e-16,-0.522802,2389.66
3,0.985249,-0.425549,1.07783,-1.57,-2.498e-16,-0.522802,3550.59
4,0.898567,-0.375687,1.17783,-1.57,-2.498e-16,-0.522802,3083.82
5,0.948538,-0.288976,1.07791,-1.57,-2.498e-16,-0.522802,2808.55
0,0.935318,-0.512191,1.07775,-1.57,-2.498e-16,-0.522802,3590.48
1,0.985289,-0.42548,0.977831,-1.57,-2.498e-16,-0.522802,3143.67
2,0.898607,-0.375618,1.07783,-1.57,-2.498e-16,-0.522802,3051.91
3,1.07189,-0.47548,1.07783,-1.57,-2.498e-16,-0.522802,2621.05
4,0.985209,-0.425618,1.17783,-1.57,-2.498e-16,-0.522802,3422.92
5,1.03518,-0.338907,1.07791,-1.57,-2.498e-16,-0.522802,2090.46
0,0.885387,-0.598834,1.07767,-1.57,-2.498e-16,-0.522802,2868.4
1,0.935358,-0.512122,0.977751,-1.57,-2.498e-16,-0.522802,3251.38
2,0.848676,-0.46226,1.07775,-1.57,-2.498e-16,-0.522802,3012.01
3,1.02196,-0.562122,1.07775,-1.57,-2.498e-16,-0.522802,3251.38
4,0.935278,-0.51226,1.17775,-1.57,-2.498e-16,-0.522802,3175.58
5,0.985249,-0.425549,1.07783,-1.57,-2.498e-16,-0.522802,3550.59

0,1.37607,9.18485e-18,1.07783,-1.57,-1.11022e-16,1.57159,1280.6
1,0.811965,0.325687,1.07783,-1.57,-1.66533e-16,-2.6172,1061.19
2,0.811965,-0.325687,1.07783,-1.57,-2.498e-16,-0.522802,1436.19
0,0.762034,-0.412329,1.07775,-1.57,-2.498e-16,-0.522802,1591.78
1,0.812004,-0.325618,0.977831,-1.57,-2.498e-16,-0.522802,785.916
2,0.725322,-0.275756,1.07783,-1.57,-2.498e-16,-0.522802,1906.94
3,0.898607,-0.375618,1.07783,-1.57,-2.498e-16,-0.522802,1152.94
4,0.811925,-0.325756,1.17783,-1.57,-2.498e-16,-0.522802,2258.01
5,0.861896,-0.239045,1.07791,-1.57,-2.498e-16,-0.522802,1587.79
0,0.761994,-0.412398,1.17775,-1.57,-2.498e-16,-0.522802,2086.47
1,0.811965,-0.325687,1.07783,-1.57,-2.498e-16,-0.522802,1436.19
2,0.725282,-0.275825,1.17783,-1.57,-2.498e-16,-0.522802,2996.06
3,0.898567,-0.375687,1.17783,-1.57,-2.498e-16,-0.522802,2010.67
4,0.811885,-0.325825,1.27783,-1.57,-2.498e-16,-0.522802,2289.93
5,0.861856,-0.239114,1.17791,-1.57,-2.498e-16,-0.522802,2489.4
0,0.675351,-0.362467,1.17775,-1.57,-2.498e-16,-0.522802,2557.22
1,0.725322,-0.275756,1.07783,-1.57,-2.498e-16,-0.522802,1906.94
2,0.63864,-0.225894,1.17783,-1.57,-2.498e-16,-0.522802,2816.53
3,0.811925,-0.325756,1.17783,-1.57,-2.498e-16,-0.522802,2258.01
4,0.725243,-0.275894,1.27783,-1.57,-2.498e-16,-0.522802,2900.31
5,0.775213,-0.189183,1.17791,-1.57,-2.498e-16,-0.522802,2872.38

0,1.37607,9.18485e-18,1.07783,-1.57,-1.11022e-16,1.57159,215.429
1,0.811965,0.325687,1.07783,-1.57,-1.66533e-16,-2.6172,119.683
2,0.811965,-0.325687,1.07783,-1.57,-2.498e-16,-0.522802,323.143
0,0.762034,-0.412329,1.07775,-1.57,-2.498e-16,-0.522802,370.476
1,0.812004,-0.325618,0.977831,-1.57,-2.498e-16,-0.522802,347.08
2,0.725322,-0.275756,1.07783,-1.57,-2.498e-16,-0.522802,235.376
3,0.898607,-0.375618,1.07783,-1.57,-2.498e-16,-0.522802,406.921
4,0.811925,-0.325756,1.17783,-1.57,-2.498e-16,-0.522802,574.477
5,0.861896,-0.239045,1.07791,-1.57,-2.498e-16,-0.522802,498.678
0,0.761994,-0.412398,1.17775,-1.57,-2.498e-16,-0.522802,773.948
1,0.811965,-0.325687,1.07783,-1.57,-2.498e-16,-0.522802,323.143
2,0.725282,-0.275825,1.17783,-1.57,-2.498e-16,-0.522802,299.207
3,0.898567,-0.375687,1.17783,-1.57,-2.498e-16,-0.522802,1017.3
4,0.811885,-0.325825,1.27783,-1.57,-2.498e-16,-0.522802,765.969
5,0.861856,-0.239114,1.17791,-1.57,-2.498e-16,-0.522802,259.312
0,0.848636,-0.462329,1.17775,-1.57,-2.498e-16,-0.522802,997.356
1,0.898607,-0.375618,1.07783,-1.57,-2.498e-16,-0.522802,406.921
2,0.811925,-0.325756,1.17783,-1.57,-2.498e-16,-0.522802,574.477
3,0.985209,-0.425618,1.17783,-1.57,-2.498e-16,-0.522802,1523.96
4,0.898527,-0.375756,1.27783,-1.57,-2.498e-16,-0.522802,1049.22
5,0.948498,-0.289045,1.17791,-1.57,-2.498e-16,-0.522802,642.297
0,0.935278,-0.51226,1.17775,-1.57,-2.498e-16,-0.522802,1464.12
1,0.985249,-0.425549,1.07783,-1.57,-2.498e-16,-0.522802,363.037
2,0.898567,-0.375687,1.17783,-1.57,-2.498e-16,-0.522802,1017.3
3,1.07185,-0.475549,1.17783,-1.57,-2.498e-16,-0.522802,1284.59
4,0.98517,-0.425687,1.27783,-1.57,-2.498e-16,-0.522802,1376.35
5,1.03514,-0.338976,1.17791,-1.57,-2.498e-16,-0.522802,678.202

0,1.37607,9.18485e-18,1.07783,-1.57,-1.11022e-16,1.57159,216.798
1,0.811965,0.325687,1.07783,-1.57,-1.66533e-16,-2.6172,83.7779
2,0.811965,-0.325687,1.07783,-1.57,-2.498e-16,-0.522802,230.248
0,0.762034,-0.412329,1.07775,-1.57,-2.498e-16,-0.522802,153.536
1,0.812004,-0.325618,0.977831,-1.57,-2.498e-16,-0.522802,300.689
2,0.725322,-0.275756,1.07783,-1.57,-2.498e-16,-0.522802,187.39
3,0.898607,-0.375618,1.07783,-1.57,-2.498e-16,-0.522802,197.307
4,0.811925,-0.325756,1.17783,-1.57,-2.498e-16,-0.522802,342.521
5,0.861896,-0.239045,1.07791,-1.57,-2.498e-16,-0.522802,381.733
0,0.811965,-0.325687,1.07783,-1.57,-2.498e-16,-0.522802,230.248
1,0.861935,-0.238976,0.97791,-1.57,-2.498e-16,-0.522802,561.483
2,0.775253,-0.189114,1.07791,-1.57,-2.498e-16,-0.522802,58.8158
3,0.948538,-0.288976,1.07791,-1.57,-2.498e-16,-0.522802,283.023
4,0.861856,-0.239114,1.17791,-1.57,-2.498e-16,-0.522802,148.752
5,0.911827,-0.152402,1.07799,-1.57,-2.498e-16,-0.522802,5.92769
0,0.812004,-0.325618,0.977831,-1.57,-2.498e-16,-0.522802,300.689
1,0.861975,-0.238907,0.87791,-1.57,-2.498e-16,-0.522802,1017.3
2,0.775293,-0.189045,0.97791,-1.57,-2.498e-16,-0.522802,196.964
3,0.948578,-0.288907,0.97791,-1.57,-2.498e-16,-0.522802,392.445
4,0.861896,-0.239045,1.07791,-1.57,-2.498e-16,-0.522802,381.733
5,0.911866,-0.152333,0.97799,-1.57,-2.498e-16,-0.522802,199.471
0,0.812044,-0.325549,0.877831,-1.57,-2.498e-16,-0.522802,1041.24
1,0.862015,-0.238838,0.77791,-1.57,-2.498e-16,-0.522802,1771.3
2,0.775333,-0.188976,0.87791,-1.57,-2.498e-16,-0.522802,231.387
3,0.948617,-0.288838,0.87791,-1.57,-2.498e-16,-0.522802,917.567
4,0.861935,-0.238976,0.97791,-1.57,-2.498e-16,-0.522802,561.483
5,0.911906,-0.152264,0.87799,-1.57,-2.498e-16,-0.522802,761.98
0,0.812084,-0.32548,0.777831,-1.57,-2.498e-16,-0.522802,1352.41
1,0.862055,-0.238769,0.67791,-1.57,-2.498e-16,-0.522802,1272.63
2,0.775373,-0.188907,0.77791,-1.57,-2.498e-16,-0.522802,223.408
3,0.948657,-0.288769,0.77791,-1.57,-2.498e-16,-0.522802,2146.31
4,0.861975,-0.238907,0.87791,-1.57,-2.498e-16,-0.522802,1017.3
5,0.911946,-0.152195,0.77799,-1.57,-2.498e-16,-0.522802,1787.26
0,0.898726,-0.375411,0.777831,-1.57,-2.498e-16,-0.522802,2373.71
1,0.948697,-0.2887,0.67791,-1.57,-2.498e-16,-0.522802,1699.49
2,0.862015,-0.238838,0.77791,-1.57,-2.498e-16,-0.522802,1771.3
3,1.0353,-0.3387,0.77791,-1.57,-2.498e-16,-0.522802,1779.28
4,0.948617,-0.288838,0.87791,-1.57,-2.498e-16,-0.522802,917.567
5,0.998588,-0.202126,0.77799,-1.57,-2.498e-16,-0.522802,1368.37
0,0.848795,-0.462053,0.777751,-1.57,-2.498e-16,-0.522802,1623.7
1,0.898766,-0.375342,0.677831,-1.57,-2.498e-16,-0.522802,1946.84
2,0.812084,-0.32548,0.777831,-1.57,-2.498e-16,-0.522802,1352.41
3,0.985369,-0.425342,0.777831,-1.57,-2.498e-16,-0.522802,2521.32
4,0.898686,-0.37548,0.877831,-1.57,-2.498e-16,-0.522802,1452.15
5,0.948657,-0.288769,0.77791,-1.57,-2.498e-16,-0.522802,2146.31
0,0.935438,-0.511984,0.777751,-1.57,-2.498e-16,-0.522802,2142.32
1,0.985408,-0.425273,0.677831,-1.57,-2.498e-16,-0.522802,2110.4
2,0.898726,-0.375411,0.777831,-1.57,-2.498e-16,-0.522802,2373.71
3,1.07201,-0.475273,0.777831,-1.57,-2.498e-16,-0.522802,1715.45
4,0.985329,-0.425411,0.877831,-1.57,-2.498e-16,-0.522802,1240.71
5,1.0353,-0.3387,0.77791,-1.57,-2.498e-16,-0.522802,1779.28
